0.014591 0.011436 0 0.071987 0.029283 0 0 0 
0.014974 0.010981 0 0.025959 0 0 0 0 
0.015087 0.012621 0 0.024988 0 0 0 0 
0.015502 0.011563 0 0.025764 0 0 0 0 
0.015916 0.011917 0 0.024552 0 0 0 0 
0.017193 0.01209 0 0.02503 0 0 0 0 
0.016562 0.011902 0 0.029821 0 0 0 0 
0.016173 0.010723 0 0.037569 0 0 0 0 
0.015819 0.010545 0 0.037269 0 0 0 0 
0.017461 0.010861 0 0.039275 0 0 0 0 
0.017219 0.011152 0 0.048934 0 0 0 0 
0.016292 0.010922 0 0.044202 0 0 0 0 
0.016317 0.010539 0 0.044999 0 0 0 0 
0.016633 0.01057 0 0.048933 0 0 0 0 
0.016363 0.01126 0 0.038738 0 0 0 0 
0.018087 0.010963 0 0.034178 0 0 0 0 
0.016927 0.010737 0 0.036892 0 0 0 0 
0.016268 0.010891 0 0.042672 0 0 0 0 
0.016991 0.011127 0 0.037948 0 0 0 0 
0.016496 0.011134 0 0.041763 0 0 0 0 
0.015973 0.010537 0 0.04854 0 0 0 0 
0.016462 0.010941 0 0.048634 0 0 0 0 
0.016813 0.010596 0 0.048336 0 0 0 0 
0.016916 0.012216 0 0.063474 0 0 0 0 
0.017454 0.011588 0 0.05229 0 0 0 0 
0.016429 0.010913 0 0.044214 0 0 0 0 
0.017182 0.010707 0 0.03603 0 0 0 0 
0.016423 0.011225 0 0.035714 0 0 0 0 
0.017046 0.010631 0 0.033878 0 0 0 0 
0.016588 0.010904 0 0.032832 0 0 0 0 
0.017112 0.010825 0 0.032841 0 0 0 0 
0.016727 0.011483 0 0.032916 0 0 0 0 
0.017615 0.010514 0 0.035556 0 0 0 0 
0.016091 0.010478 0 0.038581 0 0 0 0 
0.015903 0.010935 0 0.040201 0 0 0 0 
0.017012 0.010992 0 0.047026 0 0 0 0 
0.016572 0.010531 0 0.04383 0 0 0 0 
0.016922 0.010974 0 0.046394 0 0 0 0 
0.01668 0.010785 0 0.047231 0 0 0 0 
0.016385 0.011465 0 0.040883 0 0 0 0 
0.016485 0.010605 0 0.035049 0 0 0 0 
0.01639 0.010663 0 0.041233 0 0 0 0 
0.017823 0.010423 0 0.04188 0 0 0 0 
0.017577 0.010911 0 0.044062 0 0 0 0 
0.01735 0.010695 0 0.049041 0 0 0 0 
0.016773 0.010888 0 0.046731 0 0 0 0 
0.017187 0.010933 0 0.039028 0 0 0 0 
0.016266 0.010522 0 0.041868 0 0 0 0 
0.016298 0.011181 0 0.045105 0 0 0 0 
0.016193 0.010957 0 0.055684 0 0 0 0 
0.016358 0.011412 0 0.053991 0 0 0 0 
0.01605 0.010606 0 0.047015 0 0 0 0 
0.015495 0.011015 0 0.041922 0 0 0 0 
0.015569 0.010572 0 0.043057 0 0 0 0 
0.015897 0.010839 0 0.053283 0 0 0 0 
0.016541 0.010642 0 0.046696 0 0 0 0 
0.016816 0.011641 0 0.04213 0 0 0 0 
0.016934 0.010931 0 0.041073 0 0 0 0 
0.017401 0.010667 0 0.046107 0 0 0 0 
0.017418 0.010911 0 0.045075 0 0 0 0 
0.016557 0.011958 0 0.054222 0 0 0 0 
0.016135 0.010913 0 0.049015 0 0 0 0 
0.016562 0.01105 0 0.046366 0 0 0 0 
0.0163 0.010706 0 0.051336 0 0 0 0 
0.016765 0.010892 0 0.050581 0 0 0 0 
0.017349 0.010736 0 0.0507 0 0 0 0 
0.016933 0.010635 0 0.044341 0 0 0 0 
0.017516 0.010557 0 0.037178 0 0 0 0 
0.016828 0.011368 0 0.038441 0 0 0 0 
