0.005282 0.009655 0.000586 0.008848 0.003858 0.000556 0.010676 0 
0.015001 0.019868 0.110149 0.015317 0.013909 0.002063 0.075935 0 
0.054886 0.106648 0.489823 0.079667 0.025241 0.002139 0.082549 0 
0.059897 0.107869 0.524232 0.084181 0.029126 0.003142 0.133244 0 
0.099433 0.167797 0.728367 0.157861 0.036 0.004167 0.18544 0 
0.137935 0.208732 0.973221 0.225641 0.05383 0.004003 0.112509 0 
0.124948 0.211324 1.01176 0.20152 0.05736 0.004518 0.167045 0 
0.13698 0.252428 1.1259 0.196122 0.066147 0.005685 0.222064 0 
0.189483 0.337685 1.47181 0.245995 0.086061 0.008348 0.402322 0 
0.320193 0.555602 2.29403 0.416704 0.202067 0.014802 0.549793 0 
0.586425 0.90917 4.0468 0.718656 0.407668 0.018554 1.14909 0 
0.847331 1.14862 5.2694 0.939687 0.478998 0.01929 0.824186 0 
0.917601 1.08227 4.81002 0.877586 0.42361 0.024488 1.75472 0 
1.28403 1.62779 8.03528 1.23925 0.729156 0.0419 3.46431 0 
1.94949 2.45754 9.0275 1.64653 1.23119 0.048205 1.87633 0 
2.64768 2.86854 11.2658 1.89989 2.04002 0.062977 1.99146 0 
3.65731 3.78031 15.6212 2.17644 2.92371 0.082257 3.91286 0 
4.63972 4.93768 18.7365 2.51664 3.99357 0.101017 3.85517 0 
5.30271 5.963 23.5508 3.03127 4.79596 0.095448 5.26826 0 
5.11076 5.84703 25.2265 3.08415 4.57421 0.095675 3.79533 0 
4.35414 4.81817 25.375 2.67874 4.72056 0.068158 2.86306 0 
3.89012 4.16915 22.5082 2.5063 4.20172 0.072279 3.00269 0 
3.7344 4.062 18.6555 2.5514 2.76801 0.067892 3.00622 0 
3.49955 3.92916 17.1794 2.6016 2.63064 0.069324 3.81685 0 
2.99796 3.37912 16.8146 2.33749 2.16995 0.047927 1.89758 0 
2.59149 2.88801 14.9929 2.01121 1.40734 0.044718 3.5841 0 
2.50424 2.70231 12.7724 1.81991 1.17878 0.042729 1.36291 0 
2.32297 2.49427 13.0535 1.80956 1.41112 0.041238 1.57485 0 
1.95093 2.19539 11.9155 1.48892 1.18039 0.033953 1.42136 0 
1.68627 1.94211 10.6876 1.28302 1.07942 0.038442 1.30684 0 
1.61897 1.81874 9.3966 1.12587 0.881606 0.036861 1.40644 0 
1.66261 1.91861 9.52802 1.1715 1.01702 0.044444 2.86197 0 
2.20182 2.46969 10.7733 1.32298 1.05376 0.051069 1.49146 0 
2.68965 2.8108 10.6412 1.47117 1.63187 0.052713 2.04502 0 
3.09851 3.12636 11.5559 1.75077 1.52619 0.052592 1.72615 0 
2.93918 3.06133 10.8666 1.73213 1.58712 0.047814 1.95674 0 
2.67501 2.88077 11.4702 1.74872 1.4589 0.051437 1.92456 0 
2.59637 2.71685 11.8059 1.73132 1.6296 0.049436 3.86794 0 
2.72606 2.89668 14.4671 1.86199 1.89502 0.054529 1.80357 0 
2.9918 3.25605 15.8204 1.98979 2.55676 0.061898 2.63387 0 
3.14338 3.42708 18.1484 2.08513 2.53081 0.067815 2.05141 0 
3.35956 3.64049 19.5269 2.2485 3.0915 0.070591 2.22535 0 
3.64029 3.97647 21.9369 2.4002 3.00971 0.077093 2.95324 0 
3.90631 3.92636 22.794 2.55643 2.4489 0.069287 5.66598 0 
4.6372 4.43275 25.2494 2.76602 2.90676 0.085431 6.83001 0 
5.42742 4.91539 28.7844 3.13657 3.38838 0.077827 4.16255 0 
5.76583 5.29474 27.9113 3.30352 3.42004 0.086294 5.54596 0 
5.91295 5.73428 26.1065 3.58631 3.47887 0.168047 7.59242 0 
6.57395 6.25427 30.0594 3.77427 3.756 0.095887 9.37725 0 
7.21147 7.02732 35.6742 4.19607 4.07747 0.165392 9.49471 0 
6.82151 6.83767 34.4116 3.9573 3.64414 0.08946 7.00583 0 
6.01674 6.12265 31.0415 3.59992 3.35418 0.085025 6.79625 0 
5.42635 5.49418 27.7513 3.50455 3.36991 0.082899 6.75498 0 
4.82384 5.00019 25.2897 3.12919 3.1132 0.071505 2.8003 0 
4.15669 4.33308 22.3949 2.66675 2.66273 0.064537 2.44034 0 
3.48087 3.58838 17.2399 2.18518 2.12143 0.056148 2.23067 0 
2.68086 2.82641 12.2291 1.62087 1.45291 0.047778 2.34553 0 
2.20017 2.42056 10.4419 1.41745 1.33914 0.055113 2.63686 0 
2.46223 2.76586 12.7141 1.57921 1.48974 0.061035 1.94524 0 
2.49321 2.99136 12.8806 1.66732 1.62869 0.054225 2.5825 0 
2.48655 3.01052 13.5558 1.69198 1.68954 0.050277 2.01879 0 
2.33051 2.92471 13.5577 1.7043 1.73565 0.051915 2.09125 0 
2.0779 2.75046 13.5488 1.58826 1.7778 0.042969 3.38011 0 
1.88435 2.59411 13.4657 1.47883 1.67664 0.041707 2.00011 0 
1.4539 2.11461 11.1934 1.24017 1.38841 0.03973 1.33231 0 
1.39826 1.96155 9.91583 1.16961 1.37405 0.038412 1.55696 0 
1.43735 1.98185 10.3682 1.17488 1.30978 0.037183 1.38077 0 
1.49712 2.0333 10.912 1.2579 1.42543 0.038632 1.70638 0 
1.61195 2.18611 12.5172 1.35334 1.2649 0.045948 2.00117 0 
1.61118 2.12613 11.6152 1.32353 1.25982 0.038778 2.27968 0 
1.67246 2.18978 11.9281 1.32895 1.26147 0.041925 2.57385 0 
1.65489 2.08517 11.3493 1.33388 1.18231 0.040241 1.52241 0 
1.89343 2.33098 11.9992 1.57261 1.23143 0.043044 1.51416 0 
1.98116 2.34046 11.7998 1.51115 1.01616 0.035879 2.99142 0 
2.06205 2.36456 11.8691 1.49932 1.23557 0.041925 1.87509 0 
2.31587 2.50928 11.6627 1.78178 1.26803 0.043346 3.0185 0 
2.07895 2.34163 10.7589 1.67383 1.16047 0.039416 1.20977 0 
1.57497 1.87122 9.57582 1.3144 0.827846 0.030351 1.02586 0 
1.29044 1.61805 7.50737 1.1706 0.632054 0.026236 0.964738 0 
1.08028 1.42875 6.4499 0.95364 0.510437 0.01954 0.713629 0 
0.879106 1.14877 5.20692 0.757883 0.510815 0.023053 0.885029 0 
1.0307 1.27942 5.31597 0.808339 0.594208 0.0343 1.4669 0 
1.52499 1.88859 6.4697 1.05486 0.895175 0.042577 1.3401 0 
2.06911 2.50803 7.7839 1.2679 0.989135 0.044201 2.91302 0 
2.20839 2.58185 8.40075 1.30059 1.09241 0.045262 1.42578 0 
2.35931 2.69234 9.4014 1.37436 1.24631 0.045984 1.87726 0 
2.41724 2.75462 9.75547 1.40592 1.38991 0.047814 3.1345 0 
2.41762 2.83684 9.82554 1.41413 1.23971 0.051712 1.97132 0 
2.56981 2.91834 10.654 1.47258 1.50483 0.05422 2.08984 0 
2.56999 3.13132 11.386 1.57945 1.82998 0.054396 3.45056 0 
2.44665 3.08585 11.8561 1.61726 1.92969 0.052139 2.30932 0 
2.2697 2.91445 11.6497 1.56891 1.84178 0.052562 3.38551 0 
2.22116 2.86743 11.5974 1.58669 1.97885 0.051523 1.93986 0 
2.20065 2.84014 11.8709 1.62817 1.83535 0.048486 1.68235 0 
2.13632 2.69528 11.1466 1.5425 1.62533 0.051159 1.54809 0 
2.25748 2.8114 12.3917 1.61587 1.68633 0.053018 3.42189 0 
2.32622 2.83021 12.8596 1.64755 1.60943 0.053613 1.56008 0 
2.4974 2.88441 13.5165 1.72959 1.79608 0.055455 1.95232 0 
2.74817 3.13721 14.762 1.80169 1.88593 0.053834 2.10975 0 
2.75626 2.97905 14.5616 1.78001 1.52362 0.053625 2.15376 0 
