0.004929 0.010142 0.00063 0.008956 0.003207 0.00048 0.008563 0 
0.01024 0.016037 0.105884 0.012241 0.00611 0.000983 0.055432 0 
0.027932 0.049209 0.235348 0.036676 0.015958 0.002168 0.096976 0 
0.057068 0.111661 0.48196 0.082708 0.020041 0.001926 0.062998 0 
0.055594 0.088368 0.425677 0.075092 0.013054 0.001799 0.050224 0 
0.056384 0.088075 0.421593 0.069331 0.011306 0.001725 0.050149 0 
0.05062 0.083297 0.386071 0.062656 0.008523 0.00162 0.042222 0 
0.04832 0.078231 0.3777 0.060631 0.012333 0.001714 0.046371 0 
0.052546 0.087307 0.410397 0.066738 0.013994 0.002161 0.05924 0 
0.067258 0.111945 0.493137 0.08538 0.023996 0.003174 0.101676 0 
0.100299 0.180841 0.738584 0.13078 0.029656 0.003135 0.09939 0 
0.11618 0.186837 0.765223 0.137663 0.033563 0.004006 0.127924 0 
0.174632 0.237538 0.934735 0.172066 0.05726 0.007164 0.238684 0 
0.324705 0.418847 1.51069 0.328626 0.096583 0.011543 0.370808 0 
0.542291 0.685159 2.30427 0.537551 0.191256 0.014808 0.589141 0 
0.734953 0.882455 3.11778 0.628678 0.268162 0.020061 1.5069 0 
1.00919 1.10967 4.44227 0.785702 0.421549 0.022926 1.89658 0 
1.33089 1.38054 5.53963 0.941247 0.50132 0.022895 1.35567 0 
1.51244 1.43874 5.64365 1.03874 0.521333 0.023762 2.04025 0 
1.5915 1.41874 5.73582 1.11005 0.50418 0.027001 1.69693 0 
1.59044 1.49005 6.05452 1.1141 0.546274 0.025217 1.07151 0 
1.53882 1.52277 5.89017 1.05 0.538477 0.02525 0.852471 0 
1.47527 1.47608 6.04093 1.06645 0.464187 0.025834 1.05638 0 
1.30434 1.28654 4.96204 1.00744 0.433107 0.020021 1.3525 0 
1.10556 1.09632 4.64418 0.879244 0.32285 0.015763 0.506206 0 
0.876265 0.867585 3.46338 0.753331 0.250577 0.013323 0.519649 0 
0.722766 0.741134 2.94385 0.653735 0.192943 0.01337 0.419052 0 
0.679399 0.713188 2.73107 0.619456 0.197541 0.013293 1.04237 0 
0.653877 0.713744 2.67518 0.587495 0.181878 0.01313 0.52283 0 
0.668992 0.73878 2.6554 0.50484 0.201565 0.014925 0.567628 0 
0.798327 0.867831 2.97035 0.54025 0.241082 0.016974 0.777355 0 
1.01485 1.01055 3.60806 0.608007 0.296656 0.020569 1.34166 0 
1.302 1.23644 4.4805 0.708656 0.379242 0.022547 1.10861 0 
1.49496 1.3517 4.96185 0.747843 0.35763 0.021254 0.969806 0 
1.57803 1.3261 5.06025 0.745883 0.418143 0.020808 0.920577 0 
1.51039 1.30522 4.62176 0.756122 0.361946 0.02027 1.07076 0 
1.35345 1.20927 4.3524 0.743587 0.319477 0.020719 0.974269 0 
1.26606 1.1651 4.35756 0.741268 0.355306 0.020579 0.965581 0 
1.17842 1.16941 4.35078 0.753623 0.399064 0.01948 0.88909 0 
1.03696 1.06109 4.04241 0.731525 0.308784 0.02057 1.60798 0 
1.0577 1.14523 4.44574 0.791792 0.273391 0.024545 0.873258 0 
1.1481 1.26301 4.92584 0.869007 0.372697 0.022286 1.81781 0 
1.25617 1.33792 5.35239 0.811538 0.389638 0.024462 1.17061 0 
1.35043 1.37996 5.61278 0.811921 0.370196 0.024171 0.957226 0 
1.3572 1.44222 5.98202 0.777225 0.373384 0.025058 0.952238 0 
1.2657 1.37812 6.0266 0.767065 0.478021 0.022337 1.7053 0 
1.12027 1.23284 5.68506 0.766225 0.448049 0.021762 0.816592 0 
1.10987 1.15965 4.76863 0.775657 0.39592 0.02284 1.46645 0 
1.26135 1.28896 5.3953 0.862332 0.402608 0.024928 1.95981 0 
1.39421 1.40032 5.6804 0.921866 0.505446 0.027301 1.43908 0 
1.57125 1.61445 6.42843 1.01982 0.587575 0.030063 1.46052 0 
1.77322 1.85328 7.58277 1.16248 0.603431 0.033453 1.97556 0 
1.91948 2.09935 8.23561 1.30085 0.847922 0.037028 1.76349 0 
2.03161 2.24495 9.3428 1.39053 0.892189 0.037876 2.65668 0 
2.06999 2.29346 11.3157 1.48816 0.836345 0.036714 1.85815 0 
1.99501 2.43034 13.4081 1.46521 0.835907 0.035657 1.41833 0 
1.8093 2.0798 9.44824 1.33356 0.744142 0.02901 1.12437 0 
1.49362 1.57807 7.00618 1.07881 0.556402 0.024914 0.902012 0 
1.23917 1.31509 5.48968 0.888366 0.529259 0.019812 0.98957 0 
0.939532 1.03764 4.28543 0.684622 0.346191 0.013932 0.523153 0 
0.634495 0.709002 2.78995 0.481952 0.211308 0.011925 0.411014 0 
0.532967 0.606439 2.44455 0.425876 0.160394 0.010855 0.391829 0 
0.501233 0.570318 2.3222 0.400585 0.147355 0.010852 0.418511 0 
0.501095 0.580279 2.35329 0.402781 0.151531 0.011691 0.44683 0 
0.559163 0.628469 2.91588 0.444488 0.175872 0.013266 0.46415 0 
0.59936 0.683559 3.16773 0.475294 0.199638 0.014441 1.08356 0 
0.63327 0.769234 3.26266 0.52074 0.229453 0.014379 0.571002 0 
0.622413 0.77644 3.19644 0.522422 0.24803 0.013588 0.524443 0 
0.577164 0.739343 2.88943 0.506114 0.218787 0.01252 0.455801 0 
0.51359 0.655682 2.45843 0.453174 0.180824 0.012147 0.458592 0 
0.496567 0.643933 2.42863 0.463757 0.165535 0.011419 0.413952 0 
0.468599 0.624016 2.43047 0.451489 0.155562 0.01181 0.82252 0 
0.502375 0.675383 2.49953 0.476985 0.186442 0.014371 0.73794 0 
0.649615 0.840804 3.12706 0.552063 0.294305 0.019444 0.74731 0 
0.941614 1.11629 4.34529 0.715296 0.374561 0.023734 1.99278 0 
1.35803 1.4506 5.51058 0.864146 0.532959 0.028758 1.31591 0 
1.90735 1.93635 7.05044 1.08946 0.71258 0.036658 2.29703 0 
2.46478 2.52992 9.13377 1.3851 0.985852 0.043773 2.35936 0 
3.03397 3.17171 11.2353 1.68213 1.10525 0.051715 4.9292 0 
3.75442 3.76956 14.5986 2.07688 1.56425 0.058094 5.9492 0 
4.21401 4.30605 16.5462 2.50324 1.83156 0.062029 4.93043 0 
4.0685 4.01661 17.4199 2.53683 2.07416 0.062657 3.06723 0 
3.77159 3.92405 16.5347 2.4863 2.03335 0.059555 3.52106 0 
3.34014 3.53135 15.9537 2.38537 1.61729 0.053417 2.64837 0 
2.86804 3.11801 14.0338 2.13372 1.60444 0.046075 2.79253 0 
2.4363 2.76333 12.2495 1.78697 1.36154 0.036161 1.94156 0 
1.85417 2.11376 8.61607 1.30107 0.9071 0.028771 0.854512 0 
1.37574 1.5104 6.44843 0.934613 0.517442 0.023957 1.13651 0 
1.10854 1.27475 5.09202 0.776448 0.408939 0.020539 0.686143 0 
0.908431 1.0927 4.26777 0.672317 0.286442 0.016375 0.502859 0 
0.71305 0.898747 3.44909 0.547224 0.246476 0.013913 0.610241 0 
0.606574 0.740269 3.14674 0.467667 0.216215 0.014413 0.426795 0 
0.628024 0.760427 3.75684 0.48786 0.202837 0.014897 0.456051 0 
0.648027 0.800635 3.162 0.519956 0.222411 0.01468 0.633642 0 
0.631043 0.794765 3.08273 0.520353 0.228217 0.014667 0.445658 0 
0.629828 0.80332 3.0389 0.515306 0.247402 0.014996 0.459928 0 
0.662826 0.843402 3.13921 0.538807 0.279832 0.016073 0.635168 0 
0.707828 0.92084 3.44325 0.598699 0.303962 0.018959 0.709672 0 
0.851669 1.05877 4.17995 0.682428 0.345177 0.023226 1.42696 0 
1.09794 1.35734 5.49318 0.834949 0.472307 0.027825 1.0547 0 
